2709, 2941 -> 2310, 2779
2352, 1348 -> 2123, 1213
2718, 1761 -> 2430, 1657
1462, 2113 -> 1182, 1903
718, 3554 -> 321, 3279
1596, 1234 -> 1385, 1015
1964, 2394 -> 1657, 2216
2565, 2413 -> 2225, 2274
1541, 1267 -> 1325, 1044
2875, 3204 -> 2438, 3020
1742, 1595 -> 1500, 1376
2061, 569 -> 1908, 380
2449, 1309 -> 2220, 1185
1890, 3080 -> 1527, 2871
2165, 2181 -> 1868, 2024
1138, 1871 -> 865, 1627
2497, 2664 -> 2139, 2507
1672, 1983 -> 1403, 1789
1827, 3999 -> 1393, 3734
1813, 1757 -> 1561, 1574
1716, 3797 -> 1301, 3541
2817, 2161 -> 2484, 2051
1154, 2073 -> 868, 1836