399, 85 -> 649, 403
537, 470 -> 783, 739
1848, 1076 -> 2013, 1209
1163, 960 -> 1372, 1153
1340, 928 -> 1534, 1112
280, 166 -> 481, 491
350, 998 -> 630, 1220
793, 160 -> 997, 453
449, 889 -> 717, 1118
782, 815 -> 1028, 1077
929, 430 -> 1132, 686
195, 994 -> 489, 1220
1637, 694 -> 1786, 876
1180, 919 -> 1374, 1102
536, 1025 -> 800, 1241
1123, 188 -> 1290, 461
1783, 176 -> 1872, 399
1010, 570 -> 1208, 835
981, 304 -> 1171, 572
1405, 350 -> 1551, 585
670, 267 -> 894, 553
1005, 600 -> 1211, 808
528, 20 -> 759, 342
596, 621 -> 841, 872
1532, 451 -> 1672, 666
487, 942 -> 753, 1166
1242, 782 -> 1434, 984
1830, 1055 -> 1994, 1190
75, 912 -> 378, 1147
1878, 484 -> 1985, 665
1576, 1035 -> 1757, 1193