1786, 876 -> 1637, 694
1551, 585 -> 1405, 350
1534, 1112 -> 1340, 928
1208, 835 -> 1010, 570
1132, 686 -> 929, 430
1434, 984 -> 1242, 782
1028, 1077 -> 782, 815
1994, 1190 -> 1830, 1055
783, 739 -> 537, 470
630, 1220 -> 350, 998
1672, 666 -> 1532, 451
841, 872 -> 596, 621
1757, 1193 -> 1576, 1035
894, 553 -> 670, 267
1374, 1102 -> 1180, 919
1171, 572 -> 981, 304
489, 1220 -> 195, 994
2013, 1209 -> 1848, 1076
800, 1241 -> 536, 1025
378, 1147 -> 75, 912
1985, 665 -> 1878, 484
717, 1118 -> 449, 889
1372, 1153 -> 1163, 960
997, 453 -> 793, 160
1290, 461 -> 1123, 188
1872, 399 -> 1783, 176
481, 491 -> 280, 166
649, 403 -> 399, 85
753, 1166 -> 487, 942
759, 342 -> 528, 20
1211, 808 -> 1005, 600
